80,80,0.000592741,1.1366e-05
80,80,2.00098,1.7109e-05
80,80,2.00122,1.6112e-05
80,80,2.00133,1.6433e-05
80,80,66.0191,1.7665e-05
80,80,66.0197,9.154e-06
271.623,156.49,60.563,5.728e-06
271.623,0,60.5615,4.41e-07
271.623,156.49,60.5628,1.5551e-05
271.623,156.49,60.561,5.404e-06
271.623,156.49,6.10497,7.237e-06
271.623,156.49,7.10753,8.019e-06
271.623,156.49,6.10761,8.202e-06
271.623,156.49,18.1093,7.216e-06
271.623,156.49,6.10635,7.448e-06
271.623,156.49,6.10319,4.969e-06
271.623,0,6.09464,2.12e-07
271.623,0,6.09814,1.66e-07
271.623,0,6.09141,1.11e-07
271.623,0,6.09083,1.24e-07
271.623,0,6.11185,3.18e-07
271.623,0,6.09385,2.05e-07
271.623,0,6.0996,1.7e-07
271.623,0,6.0995,3.34e-07
271.623,216.492,6.09558,2.8144e-05
271.623,216.492,6.09655,9.569e-06
271.623,216.492,6.09715,1.0136e-05
271.623,216.492,6.09838,4.2051e-05
271.623,0
271.623,0
271.623,0
271.623,0
271.623,0
271.623,0
271.623,0
271.623,0
271.623,0
295.141,0
295.141,0
295.141,0
201.623,0
201.623,0
201.623,0
201.623,0
